Scenario: A_01
Duration: 60.524056 seconds, Objective Value: 2128.6892222222223, Penalty Count: 1, Optimality Gap: 20.4135323263769
Duration: 159.133667 seconds, Objective Value: 1942.4244999999999, Penalty Count: 0, Optimality Gap: 9.877098488864961
